POINT:991.7596669219995:437.295426025222
POINT:730.4699567371052:610.0658192431003
POINT:271.0:567.0
POINT:310.0:586.0
